ElapsedMillis,CoveringStepsInsideZone,NonCoveringStepsInsideZone,CoveringStepsOutsideZone,NonCoveringStepsOutsideZone,TestsCount,BranchesReleased,StatesCount,ErrorsCount,CoveringStatesCount
257,2,0,1,0,0,False,2,0,2
364,2,0,49,3,1,False,1,0,1
477,3,0,51,55,2,False,1,0,1
489,6,0,59,55,2,False,1,0,1
519,6,0,71,119,3,False,5,0,5
739,9,9,163,228,3,False,11,0,8
1004,19,103,206,794,3,False,60,0,58
1907,19,198,226,3782,4,False,127,0,123
2005,19,198,226,4087,4,False,128,0,0
2239,19,198,226,5067,4,False,128,0,0
2489,19,226,226,5735,4,False,168,0,0
2755,19,226,234,6419,4,False,208,0,0
3005,19,226,242,6672,4,False,262,0,0
3255,19,229,242,6951,4,False,314,0,0
3490,19,250,242,7623,4,False,342,0,0
3756,19,259,274,8089,4,False,373,0,0
3990,19,268,274,8699,4,False,411,0,0
4240,19,290,274,9590,4,False,421,0,0
4490,19,307,274,10401,4,False,440,0,0
4756,19,307,274,10813,4,False,488,0,0
4990,19,307,274,11138,4,False,528,0,0
9804,35,2145,310,19617,5,False,1305,0,599
9456,35,2145,310,19617,5,False,1305,0,599
9866,35,2155,312,19625,6,False,1304,0,0
9893,35,2165,314,19635,7,False,1303,0,0
9927,35,2185,314,19657,8,False,1301,0,0
9983,35,2223,314,19722,9,False,1304,0,0
10010,35,2223,314,19722,9,False,1304,0,0
10055,35,2301,314,19831,10,False,1303,0,0
10112,35,2379,314,19940,11,False,1302,0,0
10185,35,2457,314,20049,12,False,1301,0,0
10244,35,2526,314,20150,12,False,1301,0,0
10247,35,2535,314,20158,13,False,1300,0,0
10518,35,2925,314,20703,14,False,1295,0,0
10563,35,2985,314,20769,15,False,1289,0,0
10596,35,3045,314,20835,16,False,1283,0,0
10627,35,3105,314,20901,17,False,1277,0,0
10663,35,3165,314,20967,18,False,1271,0,0
10744,35,3359,314,21185,18,False,1252,0,0
10994,35,4057,314,21951,18,False,1182,0,0
11123,49,4403,314,22335,19,False,1147,0,0
11244,49,4729,314,22677,19,False,1117,0,0
11291,52,4857,314,22809,20,False,1105,0,0
11421,56,5214,314,23159,21,False,1075,0,0
11494,56,5381,314,23337,21,False,1060,0,0
11562,59,5587,314,23513,22,False,1045,0,0
11760,59,6100,314,23981,22,False,1007,0,0
11798,63,6221,314,24093,23,False,997,0,0
12745,63,7157,314,26021,23,False,1154,0,0
12995,63,7157,314,26021,23,False,1154,0,0
13245,63,7157,314,26021,23,False,1154,0,0
13495,63,7157,314,26021,23,False,1154,0,0
13743,63,7166,331,26355,24,False,1159,0,0
13746,63,7166,331,26357,24,False,1159,0,0
13996,63,7193,331,28039,24,False,1151,0,0
14246,63,7300,331,28454,24,False,1187,0,0
14496,63,7480,331,28865,24,False,1229,0,0
14747,63,7581,331,29152,24,False,1269,0,0
14996,63,7748,331,29532,24,False,1309,0,0
15246,63,7840,331,29810,24,False,1347,0,0
15496,63,8014,331,30207,24,False,1389,0,0
15746,63,8110,331,30486,24,False,1426,0,0
15996,63,8110,331,30735,24,False,1458,0,0
16246,63,8110,331,31031,24,False,1490,0,0
16497,63,8110,331,31339,24,False,1522,0,0
16747,63,8128,331,31752,24,False,1551,0,0
16997,63,8200,331,32271,24,False,1578,0,0
17196,63,8264,331,32689,25,False,1601,0,0
17247,63,8395,331,32835,25,False,1588,0,0
17498,63,8812,331,33531,25,False,1568,0,0
17748,63,9166,331,34193,25,False,1565,0,0
17998,63,9502,331,34856,25,False,1561,0,0
18248,63,9834,331,35591,25,False,1550,0,0
18498,63,10258,331,36283,25,False,1530,0,0
18748,63,10714,331,36983,25,False,1511,0,0
18998,63,11138,331,37633,25,False,1499,0,0
19248,63,11556,331,38275,25,False,1492,0,0
19351,63,11608,331,38541,26,False,1501,0,0
19499,63,11734,331,39021,26,False,1493,0,0
19765,63,11958,331,39812,26,False,1477,0,0
20002,63,12138,331,40530,26,False,1466,0,0
20249,63,12604,331,41341,26,False,1422,0,0
20499,63,13313,331,42119,26,False,1351,0,0
20749,63,14023,331,42871,26,False,1284,0,0
20999,63,14766,331,43601,26,False,1220,0,0
21249,63,15437,331,44213,26,False,1170,0,0
21341,63,15557,331,44549,27,False,1161,0,0
21499,63,15566,331,45187,27,False,1159,0,0
21750,63,15578,331,46190,27,False,1155,0,0
22000,63,15598,331,46813,27,False,1160,0,0
22250,63,15618,331,47006,27,False,1174,0,0
22500,63,15630,331,47547,27,False,1188,0,0
22750,63,15642,331,48204,27,False,1204,0,0
23000,63,15710,331,48597,27,False,1222,0,0
23250,63,16055,331,49131,27,False,1213,0,0
23500,63,16445,331,49733,27,False,1197,0,0
23751,63,16800,331,50345,27,False,1179,0,0
24001,63,17171,331,50965,27,False,1160,0,0
24251,63,17514,331,51567,27,False,1148,0,0
24501,63,17815,331,52129,27,False,1146,0,0
24751,63,18072,331,52654,27,False,1148,0,0
25004,63,18517,331,53210,27,False,1134,0,0
25251,63,18965,331,53821,27,False,1114,0,0
25503,63,19416,331,54440,27,False,1093,0,0
25751,63,19757,331,55002,27,False,1090,0,0
26001,63,20041,331,55499,27,False,1095,0,0
26251,63,20113,331,55706,27,False,1122,0,0
26502,63,20137,331,55936,27,False,1145,0,0
26752,63,20257,331,56223,27,False,1176,0,0
27002,63,20329,331,56430,27,False,1204,0,0
27252,63,20401,331,56636,27,False,1232,0,0
27502,63,20401,331,56826,27,False,1253,0,0
27753,63,20515,331,57093,27,False,1282,0,0
28008,63,20617,331,57352,27,False,1312,0,0
28253,63,20725,331,57623,27,False,1326,0,0
28503,63,20970,331,58051,27,False,1328,0,0
28753,63,21146,331,58462,27,False,1334,0,0
29004,63,21523,331,58939,27,False,1316,0,0
29253,63,21679,334,59357,27,False,1306,0,0
29492,63,21973,334,59924,27,False,1282,0,0
29754,63,22273,334,60605,27,False,1258,0,0
30004,63,22513,334,61168,27,False,1240,0,0
30254,63,22753,334,61762,27,False,1224,0,0
30489,63,23017,334,62282,27,False,1209,0,0
30755,63,23366,334,62868,27,False,1188,0,0
30989,63,23696,334,63416,27,False,1168,0,0
31239,63,23937,334,64034,27,False,1155,0,0
31505,63,23937,334,64636,27,False,1168,0,0
31740,63,23937,334,65144,27,False,1178,0,0
31990,63,23937,334,65656,27,False,1191,0,0
32239,63,23937,334,66291,27,False,1201,0,0
32489,63,23943,334,66698,27,False,1210,0,0
32740,63,23949,334,67069,27,False,1218,0,0
32990,63,23955,334,67467,27,False,1226,0,0
33240,63,23961,334,67857,27,False,1234,0,0
33490,63,23967,334,68231,27,False,1242,0,0
33740,63,23987,334,68447,27,False,1256,0,0
33786,63,23987,334,68643,28,False,1255,0,0
33990,63,23999,334,69613,28,False,1252,0,0
34272,63,24021,334,70837,28,False,1246,0,0
34490,63,24031,334,71051,28,False,1256,0,0
34741,63,24034,334,71190,28,False,1262,0,0
34991,63,24037,336,71255,28,False,1272,0,0
35240,63,24037,336,71319,28,False,1288,0,0
35491,63,24037,336,71383,28,False,1304,0,0
35757,63,24037,336,71439,28,False,1318,0,0
35991,63,24037,336,71495,28,False,1332,0,0
36241,63,24037,336,71559,28,False,1348,0,0
36491,63,24040,336,71658,28,False,1364,0,0
36742,63,24046,336,72067,28,False,1372,0,0
36991,63,24055,336,72503,28,False,1384,0,0
37242,63,24064,336,72864,28,False,1396,0,0
37492,63,24084,336,73079,28,False,1410,0,0
37742,63,24387,336,73662,28,False,1383,0,0
37992,63,24687,336,74156,28,False,1359,0,0
38242,63,24987,336,74728,28,False,1334,0,0
38493,63,25299,336,75222,28,False,1312,0,0
38742,63,25623,336,75736,28,False,1289,0,0
38992,63,25850,336,76224,28,False,1275,0,0
39242,63,26054,336,76675,28,False,1264,0,0
39509,63,26349,336,77206,28,False,1246,0,0
39743,63,26697,336,77762,28,False,1222,0,0
39993,63,27106,336,78290,28,False,1197,0,0
40243,63,27563,336,78823,28,False,1174,0,0
40493,63,27810,336,79284,28,False,1158,0,0
40744,63,27904,336,79638,28,False,1175,0,0
40995,63,27947,336,79758,28,False,1189,0,0
41244,63,28019,336,79933,28,False,1209,0,0
41494,63,28301,336,80296,28,False,1197,0,0
41749,63,28583,336,80814,28,False,1182,0,0
41994,63,28793,336,81272,28,False,1180,0,0
42245,63,28957,336,81690,28,False,1185,0,0
42494,63,29267,336,82120,28,False,1174,0,0
42744,63,29339,336,82428,28,False,1191,0,0
42994,63,29411,336,82603,28,False,1211,0,0
43261,63,29737,336,82982,28,False,1201,0,0
43494,63,29883,336,83326,28,False,1201,0,0
43745,63,30147,336,83743,28,False,1199,0,0
43995,63,30529,336,84218,28,False,1183,0,0
44245,63,30673,336,84738,28,False,1179,0,0
44308,63,30695,336,84781,29,False,1183,0,0
45746,63,31339,336,87297,29,False,1169,0,0
46011,63,31339,336,87527,29,False,1177,0,0
46246,63,31339,336,87776,29,False,1185,0,0
46508,63,31339,336,87996,29,False,1195,0,0
46747,63,31339,336,88356,29,False,1205,0,0
46997,63,31339,336,88592,29,False,1216,0,0
47247,63,31339,336,88902,29,False,1223,0,0
47497,63,31339,336,89159,29,False,1233,0,0
47748,63,31339,336,89387,29,False,1245,0,0
47998,63,31339,336,89799,29,False,1253,0,0
48248,63,31339,336,90065,29,False,1265,0,0
48498,63,31339,336,90293,29,False,1273,0,0
48748,63,31339,336,90627,29,False,1285,0,0
48998,63,31339,336,90897,29,False,1296,0,0
49248,63,31339,336,91182,29,False,1301,0,0
49498,63,31339,336,91448,29,False,1313,0,0
49750,63,31357,336,91768,29,False,1321,0,0
50000,63,31357,336,92124,29,False,1326,0,0
50250,63,31375,336,92422,29,False,1336,0,0
50500,63,31393,336,92867,29,False,1343,0,0
50750,63,31411,336,93187,29,False,1351,0,0
51000,63,31411,336,93553,29,False,1357,0,0
51250,63,31429,336,93941,29,False,1366,0,0
51500,63,31447,336,94310,29,False,1373,0,0
51751,63,31465,336,94648,29,False,1382,0,0
52001,63,31465,336,94979,29,False,1387,0,0
52251,63,31483,336,95338,29,False,1396,0,0
52501,63,31501,336,95729,29,False,1403,0,0
52751,63,31519,336,96096,29,False,1413,0,0
53001,63,31519,336,96152,29,False,1427,0,0
53251,63,31519,336,96216,29,False,1443,0,0
53501,63,31519,336,96272,29,False,1457,0,0
53752,63,31519,336,96336,29,False,1473,0,0
54001,63,31519,336,96392,29,False,1487,0,0
54252,63,31519,336,96448,29,False,1501,0,0
54502,63,31526,336,96500,29,False,1513,0,0
54767,63,31542,336,96630,29,False,1523,0,0
55002,63,31542,336,96630,29,False,1523,0,0
55252,63,31542,336,96630,29,False,1523,0,0
55502,63,31545,336,96928,29,False,1527,0,0
55752,63,31551,336,97213,29,False,1535,0,0
56002,63,31554,336,97510,29,False,1539,0,0
56252,63,31560,336,97798,29,False,1547,0,0
56502,63,31563,336,98094,29,False,1551,0,0
56753,63,31569,336,98393,29,False,1559,0,0
57003,63,31575,336,98767,29,False,1567,0,0
57253,63,31581,336,99252,29,False,1575,0,0
57503,63,31587,336,99636,29,False,1583,0,0
57753,63,31596,336,100085,29,False,1595,0,0
58003,63,31609,336,100435,29,False,1605,0,0
58239,63,31616,336,100451,29,False,1614,0,0
58504,63,31633,336,100492,29,False,1624,0,0
58743,63,31645,336,100857,29,False,1629,0,0
59005,63,31668,336,100911,29,False,1641,0,0
59239,63,31758,336,101091,29,False,1656,0,0
59489,63,31852,336,101279,29,False,1672,0,0
59758,63,31966,336,101505,29,False,1691,0,0
59990,63,32070,336,101715,29,False,1708,0,0
60263,63,32196,336,101967,29,False,1729,0,0
60490,63,32280,336,102135,29,False,1743,0,0
60756,63,32388,336,102351,29,False,1761,0,0
61006,63,32490,336,102555,29,False,1778,0,0
61240,63,32562,336,102723,29,False,1795,0,0
61506,63,32562,336,102779,29,False,1809,0,0
61741,63,32562,336,102819,29,False,1819,0,0
61991,63,32562,336,102867,29,False,1831,0,0
62241,63,32562,336,102915,29,False,1843,0,0
62491,63,32562,336,102963,29,False,1855,0,0
62741,63,32562,336,103011,29,False,1867,0,0
62991,63,32562,336,103140,29,False,1881,0,0
63105,63,32562,336,103271,30,False,1884,0,0
63241,63,32568,336,103499,30,False,1888,0,0
63538,63,32577,336,104012,30,False,1900,0,0
63742,63,32583,336,104244,30,False,1908,0,0
63992,63,32589,336,104625,30,False,1916,0,0
64242,63,32613,336,104811,30,False,1932,0,0
64492,63,32620,336,104929,30,False,1940,0,0
64742,63,32620,336,105149,30,False,1951,0,0
64992,63,32620,336,105398,30,False,1959,0,0
65242,63,32620,336,105618,30,False,1970,0,0
65492,63,32620,336,105867,30,False,1978,0,0
65743,63,32620,336,106071,30,False,1985,0,0
65993,63,32620,336,106305,30,False,1997,0,0
66243,63,32620,336,106532,30,False,2003,0,0
66493,63,32620,336,106765,30,False,2016,0,0
66744,63,32620,336,107001,30,False,2022,0,0
66994,63,32620,336,107105,30,False,2033,0,0
67244,63,32620,336,107449,30,False,2040,0,0
67494,63,32620,336,107510,30,False,2050,0,0
67744,63,32620,336,107753,30,False,2059,0,0
67994,63,32620,336,107971,30,False,2067,0,0
68244,63,32620,336,108212,30,False,2073,0,0
68494,63,32620,336,108432,30,False,2084,0,0
68744,63,32620,336,108681,30,False,2092,0,0
68994,63,32620,336,108893,30,False,2101,0,0
69244,63,32620,336,109134,30,False,2111,0,0
69494,63,32620,336,109354,30,False,2118,0,0
69746,63,32625,336,109523,30,False,2130,0,0
69996,63,32860,336,110021,30,False,2108,0,0
70246,63,33154,336,110395,30,False,2096,0,0
70496,63,33418,336,110877,30,False,2078,0,0
70746,63,33484,336,111179,30,False,2091,0,0
70996,63,33724,336,111687,30,False,2070,0,0
71246,63,33964,336,112115,30,False,2051,0,0
71496,63,34204,336,112623,30,False,2032,0,0
71747,63,34444,336,113131,30,False,2013,0,0
71997,63,34720,336,113515,30,False,1997,0,0
72247,63,34802,336,113833,30,False,2008,0,0
72497,63,35092,336,114213,30,False,1997,0,0
72747,63,35382,336,114821,30,False,1975,0,0
72997,63,35684,336,115223,30,False,1958,0,0
73247,63,35894,336,115633,30,False,1948,0,0
73497,63,36012,336,116066,30,False,1946,0,0
73748,63,36072,336,116467,30,False,1946,0,0
73998,63,36132,336,116955,30,False,1945,0,0
74248,63,36132,336,117289,30,False,1953,0,0
74498,63,36132,336,117668,30,False,1960,0,0
74748,63,36252,336,118022,30,False,1953,0,0
74998,63,36252,336,118445,30,False,1959,0,0
75248,63,36252,336,118859,30,False,1965,0,0
75498,63,36252,336,119047,30,False,1978,0,0
75749,63,36252,336,119269,30,False,1985,0,0
75999,63,36324,336,119433,30,False,2000,0,0
76249,63,36324,338,119488,30,False,2016,0,0
76499,63,36324,338,119767,30,False,2023,0,0
76749,63,36396,338,119931,30,False,2038,0,0
77006,63,36396,338,119993,30,False,2054,0,0
77249,63,36396,338,120267,30,False,2061,0,0
77499,63,36468,338,120426,30,False,2076,0,0
77750,63,36468,338,120475,30,False,2088,0,0
78000,63,36468,338,120761,30,False,2094,0,0
78250,63,36510,338,120855,30,False,2108,0,0
78500,63,36540,338,120959,30,False,2122,0,0
78750,63,36540,338,121077,30,False,2131,0,0
79000,63,36540,338,121269,30,False,2138,0,0
79250,63,36612,338,121431,30,False,2152,0,0
79501,63,36612,338,121475,30,False,2164,0,0
79752,63,36612,338,121761,30,False,2170,0,0
80002,63,36660,338,121867,30,False,2185,0,0
80253,63,36684,338,121959,30,False,2198,0,0
80502,63,36684,338,122156,30,False,2207,0,0
80752,63,36690,338,122283,30,False,2216,0,0
81002,63,36756,338,122431,30,False,2228,0,0
81252,63,36756,338,122475,30,False,2240,0,0
81502,63,36756,338,122761,30,False,2246,0,0
81753,63,36798,338,122855,30,False,2260,0,0
82003,63,36828,338,122951,30,False,2273,0,0
82253,63,36828,338,123002,30,False,2282,0,0
82503,63,36828,338,123263,30,False,2287,0,0
82753,63,36864,338,123343,30,False,2297,0,0
83003,63,36900,338,123451,30,False,2311,0,0
83253,63,36900,338,123523,30,False,2320,0,0
83504,63,36900,338,123765,30,False,2326,0,0
83754,63,36960,338,123891,30,False,2339,0,0
84004,63,36984,338,123975,30,False,2351,0,0
84254,63,36990,338,124275,30,False,2357,0,0
84375,63,37000,338,124295,31,False,2361,0,0
84739,63,37068,338,124645,31,False,2367,0,0
85004,63,37128,338,124823,31,False,2368,0,0
85254,63,37146,338,124970,31,False,2377,0,0
85504,63,37146,338,125180,31,False,2384,0,0
85739,63,37218,338,125325,31,False,2387,0,0
85989,63,37224,338,125625,31,False,2393,0,0
86262,63,37284,338,125749,31,False,2395,0,0
86490,63,37302,338,125970,31,False,2403,0,0
86740,63,37362,338,126173,31,False,2404,0,0
86990,63,37380,338,126324,31,False,2413,0,0
87240,63,37380,338,126533,31,False,2421,0,0
87490,63,37458,338,126687,31,False,2424,0,0
87741,63,37458,338,126977,31,False,2430,0,0
87991,63,37518,338,127099,31,False,2431,0,0
88242,63,37536,338,127423,31,False,2439,0,0
88492,63,37596,338,127525,31,False,2442,0,0
88743,63,37614,338,127760,31,False,2450,0,0
88993,63,37674,338,127973,31,False,2452,0,0
89243,63,37692,338,128124,31,False,2461,0,0
89493,63,37692,338,128333,31,False,2469,0,0
89760,63,37776,338,128499,31,False,2473,0,0
89994,63,37842,338,128631,31,False,2484,0,0
90244,63,37920,338,128787,31,False,2497,0,0
90494,63,38004,338,128955,31,False,2511,0,0
90744,63,38076,338,129099,31,False,2523,0,0
90995,63,38154,338,129255,31,False,2536,0,0
91244,63,38232,338,129411,31,False,2549,0,0
91494,63,38316,338,129579,31,False,2563,0,0
91745,63,38400,338,129747,31,False,2577,0,0
91995,63,38484,338,129915,31,False,2591,0,0
92245,63,38568,338,130083,31,False,2605,0,0
92495,63,38652,338,130251,31,False,2619,0,0
92745,63,38658,338,130491,31,False,2624,0,0
92995,63,38661,338,130737,31,False,2628,0,0
93246,63,38664,338,131037,31,False,2632,0,0
93495,63,38667,338,131233,31,False,2636,0,0
93746,63,38673,338,131477,31,False,2644,0,0
93996,63,38676,338,131761,31,False,2648,0,0
94246,63,38679,338,132019,31,False,2652,0,0
94496,63,38682,338,132215,31,False,2656,0,0
94746,63,38703,338,132251,31,False,2668,0,0
94996,63,38710,338,132287,31,False,2680,0,0
95246,63,38710,338,132327,31,False,2690,0,0
95496,63,38710,338,132359,31,False,2698,0,0
95747,63,38710,338,132391,31,False,2706,0,0
95997,63,38710,338,132431,31,False,2716,0,0
96248,63,38710,338,132463,31,False,2724,0,0
96497,63,38710,338,132495,31,False,2732,0,0
96748,63,38710,338,132543,31,False,2744,0,0
96999,63,38710,338,132575,31,False,2752,0,0
97248,63,38710,338,132615,31,False,2762,0,0
97498,63,38710,338,132647,31,False,2770,0,0
97749,63,38710,338,132679,31,False,2778,0,0
97999,63,38710,338,132719,31,False,2788,0,0
98249,63,38710,338,132759,31,False,2798,0,0
98499,63,38710,338,132799,31,False,2808,0,0
98749,63,38710,338,132842,31,False,2820,0,0
98999,63,38710,338,132887,31,False,2830,0,0
99249,63,38710,338,132927,31,False,2840,0,0
99500,63,38710,338,132967,31,False,2850,0,0
99758,63,38710,338,133015,31,False,2862,0,0
100001,63,38710,338,133055,31,False,2872,0,0
100251,63,38733,338,133134,31,False,2886,0,0
100502,63,38736,338,133499,31,False,2890,0,0
100751,63,38742,338,133852,31,False,2898,0,0
101001,63,38748,338,134123,31,False,2906,0,0
101251,63,38751,338,134461,31,False,2910,0,0
101501,63,38757,338,134845,31,False,2918,0,0
101752,63,38768,338,135074,31,False,2928,0,0
102002,63,38772,338,135200,31,False,2930,0,0
102252,63,38775,338,135419,31,False,2934,0,0
102502,63,38778,338,135709,31,False,2938,0,0
102752,63,38781,338,135974,31,False,2942,0,0
103002,63,38784,338,136222,31,False,2946,0,0
103252,63,38787,338,136450,31,False,2950,0,0
103502,63,38790,338,136680,31,False,2954,0,0
103753,63,38793,338,136908,31,False,2958,0,0
104003,63,38799,338,137175,31,False,2966,0,0
104253,63,38806,338,137376,31,False,2970,0,0
104503,63,38827,338,137412,31,False,2982,0,0
104754,63,38837,338,137441,31,False,2988,0,0
105004,63,38858,338,137481,31,False,3002,0,0
105254,63,38878,338,137635,31,False,3015,0,0
105504,63,38892,338,137663,31,False,3025,0,0
105754,63,38898,338,138169,31,False,3030,0,0
106004,63,38904,338,138518,31,False,3038,0,0
106254,63,38907,338,138925,31,False,3042,0,0
106504,63,38913,338,139431,31,False,3050,0,0
106739,63,38919,338,139761,31,False,3058,0,0
106989,63,38922,338,140187,31,False,3062,0,0
107018,63,38932,338,140199,32,False,3065,0,0
107257,63,39544,338,140874,32,False,3004,0,0
107489,63,39926,338,141295,32,False,2966,0,0
107740,63,40564,338,141995,32,False,2902,0,0
107990,63,41220,338,142687,32,False,2840,0,0
108255,63,41963,338,143391,32,False,2781,0,0
108490,63,42217,338,143677,32,False,2775,0,0
108740,63,42297,338,143839,32,False,2788,0,0
108990,63,42375,338,143995,32,False,2801,0,0
109240,63,42459,338,144163,32,False,2815,0,0
109490,63,42531,338,144309,32,False,2828,0,0
109741,63,42615,338,144475,32,False,2841,0,0
109991,63,42693,338,144631,32,False,2854,0,0
110241,63,42765,338,144775,32,False,2866,0,0
110491,63,42849,338,144943,32,False,2880,0,0
110742,63,42939,338,145123,32,False,2895,0,0
110992,63,42969,338,145207,32,False,2905,0,0
111241,63,42969,338,145255,32,False,2917,0,0
111491,63,42969,338,145295,32,False,2927,0,0
111742,63,42969,338,145343,32,False,2939,0,0
111992,63,42969,338,145383,32,False,2949,0,0
112242,63,42969,338,145423,32,False,2959,0,0
112492,63,42969,338,145455,32,False,2967,0,0
112743,63,42969,338,145503,32,False,2979,0,0
112992,63,42969,338,145551,32,False,2991,0,0
113242,63,42969,338,145591,32,False,3001,0,0
113492,63,42972,338,145773,32,False,3011,0,0
113743,63,42978,338,146075,32,False,3019,0,0
113993,63,42984,338,146375,32,False,3027,0,0
114243,63,42990,338,146677,32,False,3035,0,0
114493,63,42996,338,146977,32,False,3043,0,0
114747,63,43017,338,147452,32,False,3054,0,0
114993,63,43029,338,147728,32,False,3058,0,0
115243,63,43029,338,147847,32,False,3068,0,0
115493,63,43029,338,148044,32,False,3076,0,0
115744,63,43095,338,148180,32,False,3089,0,0
115994,63,43119,338,148262,32,False,3099,0,0
116244,63,43119,338,148304,32,False,3112,0,0
116494,63,43119,338,148582,32,False,3116,0,0
116745,63,43149,338,148652,32,False,3129,0,0
116995,63,43209,338,148788,32,False,3140,0,0
117245,63,43209,338,148832,32,False,3154,0,0
117495,63,43209,338,149059,32,False,3162,0,0
117746,63,43215,338,149148,32,False,3171,0,0
117996,63,43299,338,149332,32,False,3186,0,0
118246,63,43299,338,149360,32,False,3196,0,0
118496,63,43299,338,149439,32,False,3206,0,0
118747,63,43299,338,149674,32,False,3213,0,0
118997,63,43359,338,149800,32,False,3226,0,0
119247,63,43389,338,149894,32,False,3237,0,0
119497,63,43389,338,149928,32,False,3248,0,0
119748,63,43389,338,150214,32,False,3254,0,0
119998,63,43413,338,150272,32,False,3266,0,0
120248,63,43479,338,150420,32,False,3278,0,0
120498,63,43479,338,150456,32,False,3290,0,0
120748,63,43479,338,150542,32,False,3298,0,0
120998,63,43479,338,150760,32,False,3304,0,0
121248,63,43539,338,150888,32,False,3318,0,0
121498,63,43569,338,150982,32,False,3329,0,0
121749,63,43569,338,151024,32,False,3342,0,0
121999,63,43569,338,151302,32,False,3346,0,0
122249,63,43587,338,151348,32,False,3357,0,0
122499,63,43659,338,151508,32,False,3370,0,0
122749,63,43659,338,151544,32,False,3382,0,0
122999,63,43659,338,151655,32,False,3390,0,0
123249,63,43659,338,151851,32,False,3398,0,0
123499,63,43725,338,151988,32,False,3411,0,0
123750,63,43749,338,152070,32,False,3421,0,0
124000,63,43749,338,152104,32,False,3432,0,0
124250,63,43749,338,152390,32,False,3438,0,0
124500,63,43773,338,152448,32,False,3450,0,0
124750,63,43839,338,152596,32,False,3462,0,0
125000,63,43839,338,152648,32,False,3478,0,0
125250,63,43839,338,152930,32,False,3484,0,0
125500,63,43857,338,152980,32,False,3495,0,0
125751,63,43929,338,153140,32,False,3508,0,0
126001,63,43929,338,153250,32,False,3518,0,0
126251,63,43929,338,153470,32,False,3524,0,0
126501,63,43929,338,153558,32,False,3532,0,0
126752,63,44169,338,154047,32,False,3511,0,0
127005,63,44409,338,154463,32,False,3492,0,0
127252,63,44409,338,154725,32,False,3498,0,0
127502,63,44409,338,154926,32,False,3502,0,0
127753,63,44409,338,154975,32,False,3510,0,0
128003,63,44409,338,155211,32,False,3518,0,0
128253,63,44409,338,155420,32,False,3522,0,0
128503,63,44409,338,155669,32,False,3530,0,0
128753,63,44409,338,155873,32,False,3536,0,0
129003,63,44409,338,156024,32,False,3545,0,0
129253,63,44409,338,156296,32,False,3550,0,0
129503,63,44409,338,156358,32,False,3558,0,0
129754,63,44673,338,156915,32,False,3537,0,0
130004,63,44889,338,157244,32,False,3523,0,0
130254,63,44913,338,157576,32,False,3526,0,0
130504,63,44913,338,157796,32,False,3530,0,0
130739,63,44913,338,157847,32,False,3538,0,0
131004,63,44913,338,158146,32,False,3546,0,0
131239,63,44913,338,158300,32,False,3552,0,0
131489,63,44913,338,158541,32,False,3558,0,0
131755,63,44913,338,158745,32,False,3564,0,0
131990,63,44913,338,158950,32,False,3574,0,0
132240,63,44913,338,159189,32,False,3577,0,0
132490,63,44931,338,159527,32,False,3583,0,0
132755,63,44931,338,159781,32,False,3588,0,0
132990,63,44931,338,159991,32,False,3594,0,0
133240,63,44943,338,160215,32,False,3601,0,0
133492,63,44949,338,160517,32,False,3607,0,0
133789,63,44967,338,160823,32,False,3613,0,0
134006,63,44967,338,161010,32,False,3617,0,0
134241,63,44985,338,161246,32,False,3623,0,0
134506,63,44985,338,161585,32,False,3627,0,0
134742,63,45003,338,161854,32,False,3634,0,0
135503,63,45003,338,162275,32,False,3641,0,0
135812,63,45003,338,162391,32,False,3644,0,0
135850,63,45003,338,162393,32,False,3646,0,0
136092,63,45015,338,162611,32,False,3650,0,0
136322,63,45021,338,162866,32,False,3656,0,0
136569,63,45039,338,163160,32,False,3662,0,0
136820,63,45039,338,163496,32,False,3666,0,0
137089,63,45081,338,163744,32,False,3677,0,0
137404,63,45129,338,163874,32,False,3690,0,0
137695,63,45129,338,163994,32,False,3702,0,0
137821,63,45129,338,164183,32,False,3704,0,0
138056,63,45129,338,164398,32,False,3710,0,0
138321,63,45329,338,164781,32,False,3694,0,0
138556,63,45369,338,164855,32,False,3696,0,0
138821,63,45369,338,164909,32,False,3708,0,0
139329,63,45441,338,165158,32,False,3726,0,0
139572,63,45441,338,165186,32,False,3734,0,0
139836,63,45441,338,165296,32,False,3742,0,0
140120,63,45441,338,165693,32,False,3746,0,0
140358,63,45441,338,165861,32,False,3751,0,0
140596,63,45681,338,166141,32,False,3732,0,0
140824,63,45681,338,166187,32,False,3741,0,0
141058,63,45681,338,166219,32,False,3750,0,0
141315,63,45723,338,166384,32,False,3760,0,0
141559,63,45753,338,166478,32,False,3770,0,0
141812,63,45753,338,166504,32,False,3778,0,0
142059,63,45753,338,166787,32,False,3784,0,0
142309,63,45753,338,167002,32,False,3790,0,0
142572,63,45993,338,167435,32,False,3770,0,0
142811,63,45993,338,167474,32,False,3778,0,0
143059,63,45993,338,167513,32,False,3788,0,0
143309,63,46005,338,167626,32,False,3795,0,0
143559,63,46065,338,167762,32,False,3806,0,0
143812,63,46065,338,167790,32,False,3814,0,0
144060,63,46065,338,167900,32,False,3822,0,0
144310,63,46065,338,168295,32,False,3826,0,0
144560,63,46065,338,168395,32,False,3831,0,0
144812,63,46305,338,168737,32,False,3810,0,0
145060,63,46305,338,168776,32,False,3818,0,0
145310,63,46305,338,168807,32,False,3826,0,0
145565,63,46323,338,168940,32,False,3836,0,0
146045,63,46377,338,169092,32,False,3854,0,0
146106,63,46377,338,169092,32,False,3854,0,0
146326,63,46377,338,169206,32,False,3863,0,0
146561,63,46377,338,169543,32,False,3866,0,0
146813,63,46377,338,169767,32,False,3871,0,0
147067,63,46617,338,170047,32,False,3852,0,0
147327,63,46617,338,170093,32,False,3861,0,0
147577,63,46617,338,170109,32,False,3866,0,0
147827,63,46617,338,170140,32,False,3872,0,0
148091,63,46677,338,170326,32,False,3883,0,0
148328,63,46689,338,170384,32,False,3890,0,0
148563,63,46689,338,170402,32,False,3896,0,0
148815,63,46689,338,170624,32,False,3904,0,0
149063,63,46689,338,170897,32,False,3906,0,0
149313,63,46689,338,171069,32,False,3911,0,0
149563,63,46941,338,171353,32,False,3892,0,0
149816,63,46941,338,171399,32,False,3901,0,0
150064,63,46941,338,171431,32,False,3910,0,0
150314,63,46981,338,171592,32,False,3920,0,0
150564,63,47013,338,171674,32,False,3929,0,0
150814,63,47013,338,171708,32,False,3936,0,0
151065,63,47013,338,171895,32,False,3943,0,0
151314,63,47013,338,172207,32,False,3946,0,0
151564,63,47013,338,172375,32,False,3951,0,0
151815,63,47278,338,172663,32,False,3932,0,0
152065,63,47278,338,172694,32,False,3938,0,0
152315,63,47278,338,172733,32,False,3948,0,0
152565,63,47290,338,172846,32,False,3955,0,0
152815,63,47350,338,172982,32,False,3966,0,0
153065,63,47350,338,173010,32,False,3974,0,0
153315,63,47350,338,173111,32,False,3982,0,0
153565,63,47350,338,173508,32,False,3986,0,0
153816,63,47350,338,173685,32,False,3991,0,0
154066,63,47651,338,173977,32,False,3970,0,0
154316,63,47651,338,174016,32,False,3978,0,0
154566,63,47651,338,174055,32,False,3988,0,0
154816,63,47663,338,174168,32,False,3995,0,0
155066,63,47723,338,174304,32,False,4006,0,0
155316,63,47723,338,174332,32,False,4014,0,0
155567,63,47723,338,174356,32,False,4020,0,0
155816,63,47723,338,174715,32,False,4025,0,0
156066,63,47723,338,174881,32,False,4031,0,0
156317,63,48043,338,175291,32,False,4011,0,0
156567,63,48051,338,175331,32,False,4016,0,0
156816,63,48051,338,175369,32,False,4024,0,0
157067,63,48051,338,175408,32,False,4032,0,0
157317,63,48105,338,175582,32,False,4042,0,0
157567,63,48123,338,175652,32,False,4050,0,0
157817,63,48123,338,175686,32,False,4060,0,0
158067,63,48123,338,176022,32,False,4065,0,0
158577,63,48123,338,176173,32,False,4068,0,0
158606,63,48123,338,176173,32,False,4068,0,0
159068,63,48299,338,176496,32,False,4062,0,0
159709,63,48450,338,176715,32,False,4068,0,0
160044,63,48510,338,176894,32,False,4068,0,0
160053,63,48510,338,176894,32,False,4068,0,0
160303,63,48528,338,177044,32,False,4077,0,0
160553,63,48528,338,177437,32,False,4081,0,0
160804,63,48528,338,177617,32,False,4086,0,0
161054,63,48553,338,177715,32,False,4096,0,0
161304,63,48624,338,177916,32,False,4095,0,0
161557,63,48642,338,178071,32,False,4103,0,0
161809,63,48642,338,178461,32,False,4106,0,0
162054,63,48642,338,178637,32,False,4111,0,0
162304,63,48672,338,178743,32,False,4121,0,0
162554,63,48738,338,178960,32,False,4121,0,0
162805,63,48756,338,179169,32,False,4128,0,0
163054,63,48756,338,179481,32,False,4131,0,0
163289,63,48757,338,179661,32,False,4138,0,0
163579,63,48792,338,179798,32,False,4148,0,0
163805,63,48852,338,179980,32,False,4146,0,0
164039,63,48870,338,180189,32,False,4153,0,0
164296,63,48870,338,180436,32,False,4156,0,0
164589,63,48870,338,180677,32,False,4161,0,0
164789,63,48888,338,180759,32,False,4168,0,0
165040,63,48966,338,180974,32,False,4168,0,0
165307,63,48984,338,181123,32,False,4177,0,0
165540,63,48984,338,181444,32,False,4181,0,0
165790,63,48984,338,181697,32,False,4186,0,0
166040,63,49002,338,181779,32,False,4193,0,0
166306,63,49080,338,181994,32,False,4193,0,0
166541,63,49098,338,182058,32,False,4201,0,0
166791,63,49098,338,182432,32,False,4205,0,0
167041,63,49098,338,182589,32,False,4211,0,0
167307,63,49116,338,182776,32,False,4216,0,0
167542,63,49134,338,182858,32,False,4223,0,0
167792,63,49194,338,183040,32,False,4221,0,0
168089,63,49212,338,183351,32,False,4229,0,0
168292,63,49212,338,183561,32,False,4231,0,0
168542,63,49212,338,183659,32,False,4236,0,0
168792,63,49230,338,183796,32,False,4241,0,0
169042,63,49300,338,184003,32,False,4244,0,0
169292,63,49312,338,184070,32,False,4249,0,0
169543,63,49326,338,184354,32,False,4254,0,0
169793,63,49326,338,184583,32,False,4257,0,0
170043,63,49327,338,184761,32,False,4263,0,0
170294,63,49362,338,184875,32,False,4272,0,0
170543,63,49422,338,185080,32,False,4271,0,0
170794,63,49440,338,185289,32,False,4278,0,0
171044,63,49440,338,185601,32,False,4281,0,0
171294,63,49440,338,185777,32,False,4286,0,0
171544,63,49464,338,185871,32,False,4295,0,0
171794,63,49536,338,186076,32,False,4295,0,0
172044,63,49554,338,186224,32,False,4302,0,0
172294,63,49554,338,186580,32,False,4306,0,0
172544,63,49554,338,186797,32,False,4311,0,0
172794,63,49572,338,186879,32,False,4318,0,0
173044,63,49722,338,187153,32,False,4311,0,0
173294,63,50275,338,187762,32,False,4256,0,0
173545,63,50845,338,188388,32,False,4199,0,0
173797,63,51410,338,189008,32,False,4142,0,0
174045,63,51976,338,189594,32,False,4091,0,0
174295,63,52592,338,190174,32,False,4042,0,0
174545,63,52827,338,190404,32,False,4028,0,0
174795,63,52827,338,190428,32,False,4034,0,0
175045,63,52827,338,190460,32,False,4042,0,0
175295,63,52827,338,190484,32,False,4048,0,0
175545,63,52827,338,190516,32,False,4056,0,0
175796,63,52827,338,190548,32,False,4064,0,0
176046,63,52827,338,190572,32,False,4070,0,0
176296,63,52827,338,190604,32,False,4078,0,0
176546,63,52827,338,190636,32,False,4086,0,0
176796,63,52827,338,190668,32,False,4094,0,0
177046,63,52827,338,190692,32,False,4100,0,0
177296,63,52827,338,190724,32,False,4108,0,0
177546,63,52827,338,190752,32,False,4116,0,0
177797,63,52827,338,190780,32,False,4122,0,0
178088,63,52839,338,191059,32,False,4127,0,0
178298,63,52845,338,191322,32,False,4129,0,0
178548,63,52857,338,191636,32,False,4133,0,0
178798,63,52860,338,191776,32,False,4134,0,0
179048,63,52860,338,191880,32,False,4134,0,0
179298,63,52863,338,192078,32,False,4138,0,0
179548,63,52866,338,192274,32,False,4142,0,0
179800,63,52869,338,192470,32,False,4146,0,0
180050,63,52872,338,192666,32,False,4150,0,0
180300,63,52875,338,192862,32,False,4154,0,0
180550,63,52878,338,193060,32,False,4158,0,0
180800,63,52881,338,193256,32,False,4162,0,0
181050,63,52884,338,193452,32,False,4166,0,0
181300,63,52887,338,193648,32,False,4170,0,0
181550,63,52935,338,193744,32,False,4181,0,0
181801,63,52989,338,193852,32,False,4190,0,0
182105,63,53055,338,193984,32,False,4201,0,0
182300,63,53103,338,194080,32,False,4209,0,0
182600,63,53181,338,194236,32,False,4222,0,0
182801,63,53229,338,194332,32,False,4230,0,0
183051,63,53289,338,194452,32,False,4240,0,0
183301,63,53361,338,194596,32,False,4252,0,0
183551,63,53421,338,194716,32,False,4262,0,0
183802,63,53482,338,194840,32,False,4273,0,0
184051,63,53541,338,194956,32,False,4282,0,0
184301,63,53601,338,195076,32,False,4292,0,0
184551,63,53673,338,195220,32,False,4304,0,0
184802,63,53739,338,195352,32,False,4315,0,0
185051,63,53801,338,195476,32,False,4326,0,0
185303,63,53883,338,195640,32,False,4339,0,0
185551,63,53949,338,195772,32,False,4350,0,0
185803,63,54015,338,195904,32,False,4361,0,0
186052,63,54087,338,196048,32,False,4373,0,0
186302,63,54159,338,196192,32,False,4385,0,0
186552,63,54231,338,196336,32,False,4397,0,0
186803,63,54309,338,196492,32,False,4410,0,0
187052,63,54381,338,196634,32,False,4422,0,0
187302,63,54453,338,196780,32,False,4434,0,0
187553,63,54525,338,196922,32,False,4446,0,0
187830,63,54598,338,197072,32,False,4459,0,0
188053,63,54657,338,197188,32,False,4468,0,0
188303,63,54690,338,197442,32,False,4474,0,0
188553,63,54696,338,197729,32,False,4482,0,0
188804,63,54699,338,198026,32,False,4486,0,0
189054,63,54705,338,198266,32,False,4494,0,0
189304,63,54708,338,198610,32,False,4498,0,0
189539,63,54711,338,198804,32,False,4502,0,0
189850,63,54717,338,199192,32,False,4510,0,0
190040,63,54731,338,199216,32,False,4518,0,0
190304,63,54745,338,199240,32,False,4526,0,0
190555,63,54745,338,199272,32,False,4536,0,0
190806,63,54745,338,199312,32,False,4546,0,0
191041,63,54745,338,199336,32,False,4552,0,0
191295,63,54745,338,199368,32,False,4560,0,0
191556,63,54745,338,199400,32,False,4568,0,0
191835,63,54745,338,199440,32,False,4578,0,0
192041,63,54745,338,199464,32,False,4584,0,0
192319,63,54745,338,199496,32,False,4592,0,0
192540,63,54745,338,199528,32,False,4600,0,0
192820,63,54745,338,199560,32,False,4608,0,0
193056,63,54745,338,199592,32,False,4616,0,0
193306,63,54745,338,199624,32,False,4624,0,0
193541,63,54752,338,199652,32,False,4630,0,0
193791,63,54766,338,199676,32,False,4638,0,0
194057,63,54780,338,199700,32,False,4646,0,0
194291,63,54793,338,199746,32,False,4656,0,0
194541,63,54793,338,199770,32,False,4662,0,0
194791,63,54793,338,199802,32,False,4670,0,0
195042,63,54793,338,199834,32,False,4678,0,0
195292,63,54793,338,199858,32,False,4684,0,0
195542,63,54793,338,199890,32,False,4692,0,0
195792,63,54793,338,199922,32,False,4700,0,0
196042,63,54793,338,199954,32,False,4708,0,0
196293,63,54793,338,199986,32,False,4716,0,0
196543,63,54793,338,200010,32,False,4722,0,0
196809,63,54793,338,200042,32,False,4730,0,0
197043,63,54793,338,200074,32,False,4738,0,0
197293,63,54793,338,200098,32,False,4744,0,0
197543,63,54793,338,200130,32,False,4752,0,0
197872,63,54796,338,200368,32,False,4756,0,0
198043,63,54799,338,200475,32,False,4760,0,0
198293,63,54802,338,200665,32,False,4764,0,0
198543,63,54802,338,200830,32,False,4764,0,0
198793,63,54805,338,201060,32,False,4768,0,0
199043,63,54808,338,201290,32,False,4772,0,0
199294,63,54811,338,201499,32,False,4776,0,0
199559,63,54814,338,201692,32,False,4780,0,0
199794,63,54817,338,201857,32,False,4784,0,0
200055,63,54820,338,202028,32,False,4788,0,0
200294,63,54820,338,202212,32,False,4788,0,0
200544,63,54823,338,202442,32,False,4792,0,0
200794,63,54826,338,202637,32,False,4796,0,0
201045,63,54829,338,202783,32,False,4800,0,0
201295,63,54832,338,202962,32,False,4804,0,0
201558,63,54832,338,203140,32,False,4804,0,0
201796,63,54835,338,203372,32,False,4808,0,0
202045,63,54838,338,203549,32,False,4812,0,0
202295,63,54841,338,203711,32,False,4816,0,0
202550,63,54841,338,203836,32,False,4816,0,0
202811,63,54844,338,204070,32,False,4820,0,0
203045,63,54847,338,204265,32,False,4824,0,0
203336,63,54850,338,204413,32,False,4828,0,0
203545,63,54853,338,204575,32,False,4832,0,0
203853,63,54853,338,204766,32,False,4832,0,0
204046,63,54867,338,204790,32,False,4840,0,0
204296,63,54873,338,204918,32,False,4847,0,0
204546,63,54882,338,205235,32,False,4849,0,0
204796,63,54891,338,205524,32,False,4852,0,0
205077,63,54900,338,205839,32,False,4855,0,0
205312,63,54912,338,206050,32,False,4860,0,0
205587,63,54915,338,206378,32,False,4864,0,0
205797,63,54918,338,206604,32,False,4868,0,0
206089,63,54924,338,207012,32,False,4876,0,0
206298,63,54927,338,207282,32,False,4880,0,0
206548,63,54930,338,207510,32,False,4884,0,0
206797,63,54936,338,207883,32,False,4892,0,0
207048,63,54939,338,208188,32,False,4896,0,0
207298,63,54942,338,208416,32,False,4900,0,0
207548,63,54947,338,208650,32,False,4908,0,0
207798,63,54951,338,208980,32,False,4912,0,0
208048,63,54954,338,209330,32,False,4916,0,0
208321,63,54960,338,209606,32,False,4924,0,0
208549,63,54963,338,209909,32,False,4928,0,0
208854,63,54966,338,210244,32,False,4932,0,0
209050,63,54969,338,210472,32,False,4936,0,0
209300,63,54983,338,210496,32,False,4944,0,0
209550,63,55000,338,210533,32,False,4956,0,0
209811,63,55003,338,210842,32,False,4960,0,0
210088,63,55006,338,211152,32,False,4964,0,0
210301,63,55009,338,211406,32,False,4968,0,0
210597,63,55012,338,211792,32,False,4972,0,0
210802,63,55015,338,212012,32,False,4976,0,0
211094,63,55018,338,212302,32,False,4980,0,0
211317,63,55021,338,212556,32,False,4984,0,0
211551,63,55024,338,212810,32,False,4988,0,0
211803,63,55027,338,213064,32,False,4992,0,0
212052,63,55030,338,213302,32,False,4998,0,0
212302,63,55033,338,213348,32,False,5000,0,0
212552,63,55033,338,213372,32,False,5006,0,0
212818,63,55033,338,213396,32,False,5012,0,0
213052,63,55033,338,213428,32,False,5020,0,0
213375,63,55033,338,213460,32,False,5028,0,0
213552,63,55033,338,213484,32,False,5034,0,0
213906,63,55033,338,213524,32,False,5044,0,0
214062,63,55033,338,213540,32,False,5048,0,0
214303,63,55033,338,213564,32,False,5054,0,0
214566,63,55033,338,213596,32,False,5062,0,0
214804,63,55033,338,213620,32,False,5068,0,0
215147,63,55033,338,213652,32,False,5076,0,0
215352,63,55033,338,213676,32,False,5082,0,0
215553,63,55033,338,213692,32,False,5086,0,0
215816,63,55033,338,213716,32,False,5092,0,0
216069,63,55033,338,213740,32,False,5098,0,0
216378,63,55689,338,214464,32,False,5035,0,0
216554,63,56113,338,214930,32,False,4992,0,0
216984,63,57116,338,215987,32,False,4898,0,0
217071,63,57336,338,216202,32,False,4880,0,0
217305,63,57985,338,216798,32,False,4830,0,0
217564,63,58034,338,216898,32,False,4838,0,0
217789,63,58088,338,217006,32,False,4847,0,0
218039,63,58154,338,217138,32,False,4858,0,0
218305,63,58214,338,217258,32,False,4868,0,0
218609,63,58280,338,217390,32,False,4879,0,0
218806,63,58328,338,217486,32,False,4887,0,0
219055,63,58394,338,217618,32,False,4898,0,0
219291,63,58448,338,217726,32,False,4907,0,0
219553,63,58502,338,217834,32,False,4916,0,0
219791,63,58562,338,217954,32,False,4926,0,0
220057,63,58622,338,218074,32,False,4936,0,0
220291,63,58664,338,218158,32,False,4943,0,0
220541,63,58723,338,218275,32,False,4953,0,0
220792,63,58784,338,218398,32,False,4963,0,0
221042,63,58838,338,218506,32,False,4972,0,0
221292,63,58904,338,218638,32,False,4983,0,0
221543,63,58958,338,218746,32,False,4992,0,0
221794,63,58970,338,218794,32,False,4999,0,0
222043,63,58970,338,218818,32,False,5005,0,0
222293,63,58970,338,218850,32,False,5013,0,0
222663,63,58970,338,218890,32,False,5023,0,0
222793,63,58970,338,218906,32,False,5027,0,0
223187,63,58970,338,218946,32,False,5037,0,0
223309,63,58970,338,218962,32,False,5041,0,0
223543,63,58970,338,218986,32,False,5047,0,0
223793,63,58970,338,219010,32,False,5053,0,0
224058,63,58970,338,219034,32,False,5059,0,0
224293,63,58970,338,219066,32,False,5067,0,0
224642,63,58970,338,219106,32,False,5077,0,0
224793,63,58970,338,219122,32,False,5081,0,0
225082,63,58970,338,219386,32,False,5088,0,0
225309,63,58970,338,219508,32,False,5093,0,0
225604,63,58970,338,219676,32,False,5103,0,0
225794,63,58970,338,219760,32,False,5108,0,0
226044,63,58970,338,219923,32,False,5118,0,0
226294,63,58970,338,220012,32,False,5123,0,0
226599,63,58970,338,220180,32,False,5133,0,0
226811,63,59012,338,220266,32,False,5144,0,0
227044,63,59060,338,220378,32,False,5153,0,0
227295,63,59060,338,220396,32,False,5158,0,0
227545,63,59060,338,220414,32,False,5165,0,0
227796,63,59060,338,220500,32,False,5173,0,0
228049,63,59060,338,220879,32,False,5177,0,0
228295,63,59060,338,221019,32,False,5182,0,0
228548,63,59328,338,221387,32,False,5160,0,0
228822,63,59360,338,221451,32,False,5162,0,0
229045,63,59360,338,221489,32,False,5170,0,0
229332,63,59360,338,221505,32,False,5176,0,0
229561,63,59360,338,221529,32,False,5182,0,0
229795,63,59378,338,221646,32,False,5189,0,0
230045,63,59432,338,221754,32,False,5198,0,0
230329,63,59450,338,221824,32,False,5207,0,0
230547,63,59450,338,221834,32,False,5212,0,0
230797,63,59450,338,221866,32,False,5220,0,0
231046,63,59450,338,222171,32,False,5225,0,0
231296,63,59450,338,222353,32,False,5228,0,0
231562,63,59450,338,222517,32,False,5231,0,0
231797,63,59750,338,222863,32,False,5207,0,0
232047,63,59750,338,222887,32,False,5213,0,0
232297,63,59750,338,222917,32,False,5219,0,0
232627,63,59750,338,222941,32,False,5227,0,0
232799,63,59750,338,222972,32,False,5233,0,0
233048,63,59790,338,223116,32,False,5242,0,0
233313,63,59840,338,223234,32,False,5251,0,0
233548,63,59840,338,223252,32,False,5256,0,0
233798,63,59840,338,223270,32,False,5263,0,0
234048,63,59840,338,223294,32,False,5269,0,0
234372,63,59840,338,223569,32,False,5273,0,0
234548,63,59840,338,223735,32,False,5275,0,0
234798,63,59840,338,223850,32,False,5280,0,0
235048,63,60040,338,224169,32,False,5264,0,0
235298,63,60140,338,224307,32,False,5260,0,0
235550,63,60140,338,224330,32,False,5264,0,0
235800,63,60140,338,224361,32,False,5274,0,0
236049,63,60140,338,224400,32,False,5282,0,0
236299,63,60170,338,224526,32,False,5289,0,0
236554,63,60230,338,224658,32,False,5300,0,0
236868,63,60230,338,224680,32,False,5305,0,0
237062,63,60230,338,224703,32,False,5314,0,0
237315,63,60230,338,224808,32,False,5320,0,0
237550,63,60230,338,225100,32,False,5323,0,0
237801,63,60230,338,225255,32,False,5329,0,0
238088,63,60482,338,225643,32,False,5309,0,0
238322,63,60554,338,225735,32,False,5307,0,0
238551,63,60554,338,225766,32,False,5313,0,0
238802,63,60554,338,225797,32,False,5323,0,0
239052,63,60554,338,225821,32,False,5329,0,0
239301,63,60572,338,225938,32,False,5336,0,0
239579,63,60632,338,226058,32,False,5346,0,0
239817,63,60644,338,226100,32,False,5353,0,0
